0: 0 27 0 58 21 58 21 27 0 27;
1: 0 61 0 88 11 88 11 61 0 61;
2: 0 101 0 145 24 145 24 179 48 179 48 165 79 165 79 149 94 149 94 144 103 144 103 107 90 107 90 87 77 87 77 79 114 79 114 87 137 87 137 42 114 42 114 47 105 47 105 34 102 34 102 30 54 30 54 49 52 49 52 33 38 33 38 65 52 65 52 68 43 68 43 78 36 78 36 97 43 97 43 105 75 105 75 123 86 123 86 132 79 132 79 130 59 130 59 107 49 107 49 130 45 130 45 112 40 112 40 101 0 101;
3: 0 189 0 226 23 226 23 216 25 216 25 222 43 222 43 216 45 216 45 189 0 189;
4: 0 229 0 243 24 243 24 229 0 229;
5: 0 356 0 396 42 396 42 356 0 356;
6: 0 397 0 423 20 423 20 415 44 415 44 397 0 397;
7: 0 426 0 451 23 451 23 452 37 452 37 451 38 451 38 447 39 447 39 424 37 424 37 418 23 418 23 426 0 426;
8: 0 533 0 579 11 579 11 557 16 557 16 596 27 596 27 600 31 600 31 603 26 603 26 602 0 602 0 802 39 802 39 820 27 820 27 805 12 805 12 830 24 830 24 837 42 837 42 829 59 829 59 799 42 799 42 782 52 782 52 769 42 769 42 726 13 726 13 722 22 722 22 720 32 720 32 693 22 693 22 684 23 684 23 672 67 672 67 634 73 634 73 626 74 626 74 593 87 593 87 562 76 562 76 559 85 559 85 545 76 545 76 520 57 520 57 519 12 519 12 533 0 533;
9: 0 885 0 930 40 930 40 952 62 952 62 955 89 955 89 946 105 946 105 923 107 923 107 938 126 938 126 974 138 974 138 928 130 928 130 921 126 921 126 916 133 916 133 917 161 917 161 902 163 902 163 877 161 877 161 870 133 870 133 879 128 879 128 881 118 881 118 882 111 882 111 873 124 873 124 859 111 859 111 851 101 851 101 845 117 845 117 839 127 839 127 848 144 848 144 839 150 839 150 835 152 835 152 809 150 809 150 796 147 796 147 792 156 792 156 818 192 818 192 776 162 776 162 761 133 761 133 767 123 767 123 786 105 786 105 757 92 757 92 790 103 790 103 796 102 796 102 819 91 819 91 801 77 801 77 819 74 819 74 838 75 838 75 845 66 845 66 882 71 882 71 888 74 888 74 894 49 894 49 907 48 907 48 885 0 885;
10: 14 992 14 1014 48 1014 48 992 14 992;
11: 20 333 20 355 44 355 44 363 53 363 53 393 60 393 60 406 93 406 93 364 88 364 88 346 60 346 60 334 53 334 53 333 20 333;
12: 23 74 23 100 33 100 33 74 23 74;
13: 33 483 33 498 43 498 43 511 55 511 55 496 62 496 62 492 83 492 83 474 43 474 43 483 33 483;
14: 43 492 50 492 50 494 43 494 43 492;
15: 46 255 46 303 59 303 59 289 90 289 90 301 108 301 108 302 142 302 142 314 126 314 126 317 120 317 120 365 100 365 100 406 106 406 106 410 143 410 143 369 126 369 126 365 139 365 139 336 141 336 141 364 148 364 148 404 170 404 170 364 186 364 186 359 197 359 197 375 227 375 227 340 208 340 208 322 185 322 185 323 169 323 169 302 158 302 158 314 157 314 157 285 163 285 163 298 174 298 174 300 184 300 184 285 186 285 186 267 175 267 175 253 163 253 163 267 148 267 148 257 108 257 108 262 106 262 106 249 64 249 64 250 60 250 60 260 59 260 59 255 46 255;
16: 56 678 56 715 89 715 89 737 80 737 80 780 90 780 90 739 129 739 129 729 131 729 131 733 140 733 140 754 154 754 154 749 182 749 182 740 203 740 203 719 208 719 208 691 220 691 220 688 238 688 238 641 225 641 225 628 180 628 180 643 155 643 155 648 151 648 151 669 140 669 140 632 127 632 127 629 125 629 125 607 115 607 115 596 130 596 130 585 141 585 141 563 143 563 143 581 145 581 145 595 194 595 194 574 198 574 198 549 202 549 202 527 203 527 203 509 208 509 208 540 218 540 218 503 228 503 228 487 215 487 215 499 213 499 213 482 199 482 199 490 188 490 188 513 185 513 185 534 168 534 168 535 164 535 164 560 155 560 155 553 158 553 158 533 173 533 173 515 154 515 154 516 151 516 151 514 127 514 127 516 121 516 121 498 105 498 105 495 88 495 88 498 84 498 84 504 79 504 79 536 91 536 91 569 102 569 102 576 94 576 94 622 104 622 104 630 78 630 78 648 106 648 106 665 112 665 112 681 121 681 121 696 125 696 125 709 105 709 105 678 56 678;
17: 60 443 60 456 68 456 68 457 103 457 103 456 107 456 107 443 103 443 103 425 68 425 68 443 60 443;
18: 63 985 63 1008 68 1008 68 1015 90 1015 90 1007 132 1007 132 994 85 994 85 999 74 999 74 985 63 985;
19: 77 193 77 210 91 210 91 236 119 236 119 212 129 212 129 200 162 200 162 207 164 207 164 251 187 251 187 253 227 253 227 237 211 237 211 227 219 227 219 225 220 225 220 191 214 191 214 185 200 185 200 194 190 194 190 202 185 202 185 184 203 184 203 174 224 174 224 209 238 209 238 167 229 167 229 157 218 157 218 152 215 152 215 151 227 151 227 153 241 153 241 184 282 184 282 148 291 148 291 150 305 150 305 130 323 130 323 124 324 124 324 143 330 143 330 150 359 150 359 136 379 136 379 123 385 123 385 99 396 99 396 107 400 107 400 130 425 130 425 168 467 168 467 122 465 122 465 118 464 118 464 116 451 116 451 118 445 118 445 122 439 122 439 107 443 107 443 78 396 78 396 84 385 84 385 82 377 82 377 75 381 75 381 48 369 48 369 59 338 59 338 101 371 101 371 122 349 122 349 124 343 124 343 102 328 102 328 107 295 107 295 110 290 110 290 105 263 105 263 116 279 116 279 121 278 121 278 142 258 142 258 137 270 137 270 121 258 121 258 119 248 119 248 109 227 109 227 112 205 112 205 119 189 119 189 123 187 123 187 106 155 106 155 96 119 96 119 115 153 115 153 150 131 150 131 157 125 157 125 193 77 193;
20: 78 894 95 894 95 911 89 911 89 906 78 906 78 894;
21: 94 459 94 470 113 470 113 459 94 459;
22: 120 553 127 553 127 557 120 557 120 553;
23: 122 415 122 463 153 463 153 415 122 415;
24: 141 30 141 79 167 79 167 95 207 95 207 68 185 68 185 61 186 61 186 47 189 47 189 33 186 33 186 31 185 31 185 30 141 30;
25: 144 969 144 1010 171 1010 171 1015 188 1015 188 1003 196 1003 196 987 188 987 188 979 184 979 184 969 144 969;
26: 149 711 179 711 179 695 186 695 186 715 182 715 182 712 150 712 150 715 149 715 149 711;
27: 154 924 154 966 164 966 164 924 154 924;
28: 159 481 159 509 187 509 187 481 159 481;
29: 167 754 167 771 186 771 186 754 167 754;
30: 184 435 184 473 200 473 200 435 184 435;
31: 186 645 187 645 187 648 186 648 186 645;
32: 186 919 186 964 202 964 202 919 186 919;
33: 187 838 187 852 197 852 197 838 187 838;
34: 193 885 193 916 216 916 216 905 230 905 230 928 262 928 262 881 256 881 256 880 211 880 211 885 193 885;
35: 195 99 195 111 219 111 219 99 195 99;
36: 195 415 195 429 201 429 201 441 203 441 203 450 204 450 204 464 217 464 217 450 221 450 221 456 230 456 230 496 232 496 232 541 244 541 244 522 249 522 249 531 263 531 263 543 277 543 277 527 297 527 297 506 314 506 314 481 271 481 271 484 261 484 261 494 244 494 244 495 240 495 240 456 255 456 255 425 236 425 236 419 247 419 247 401 236 401 236 399 222 399 222 401 218 401 218 409 201 409 201 415 195 415;
37: 197 759 197 795 221 795 221 759 197 759;
38: 198 816 198 829 245 829 245 826 247 826 247 818 258 818 258 784 243 784 243 809 217 809 217 816 198 816;
39: 203 846 203 871 231 871 231 864 254 864 254 859 258 859 258 848 254 848 254 843 228 843 228 846 203 846;
40: 204 569 204 603 223 603 223 569 204 569;
41: 205 729 205 748 245 748 245 758 269 758 269 792 267 792 267 807 284 807 284 821 295 821 295 807 305 807 305 792 282 792 282 758 285 758 285 746 290 746 290 712 294 712 294 702 290 702 290 699 270 699 270 696 226 696 226 699 221 699 221 700 216 700 216 729 205 729;
42: 209 6 209 31 223 31 223 6 209 6;
43: 212 40 212 50 239 50 239 76 249 76 249 83 219 83 219 95 249 95 249 100 250 100 250 104 275 104 275 73 270 73 270 45 248 45 248 5 224 5 224 40 212 40;
44: 219 281 219 311 228 311 228 332 229 332 229 348 257 348 257 330 291 330 291 306 266 306 266 281 219 281;
45: 220 261 220 280 242 280 242 261 220 261;
46: 233 570 233 581 250 581 250 570 233 570;
47: 237 366 237 388 278 388 278 366 264 366 264 364 283 364 283 399 289 399 289 415 286 415 286 432 289 432 289 436 293 436 293 451 316 451 316 453 337 453 337 455 365 455 365 473 369 473 369 489 382 489 382 473 413 473 413 470 427 470 427 474 432 474 432 501 467 501 467 465 453 465 453 457 448 457 448 451 477 451 477 441 489 441 489 437 497 437 497 470 509 470 509 463 542 463 542 466 530 466 530 490 549 490 549 504 571 504 571 490 573 490 573 467 577 467 577 444 585 444 585 428 577 428 577 418 544 418 544 414 509 414 509 397 464 397 464 437 477 437 477 439 448 439 448 427 438 427 438 429 418 429 418 425 435 425 435 382 403 382 403 385 399 385 399 396 372 396 372 403 347 403 347 426 346 426 346 404 316 404 316 397 303 397 303 364 306 364 306 357 315 357 315 345 306 345 306 342 258 342 258 355 248 355 248 366 237 366;
48: 239 635 239 645 268 645 268 635 239 635;
49: 239 972 239 999 276 999 276 983 292 983 292 1005 312 1005 312 1003 318 1003 318 996 336 996 336 978 320 978 320 976 340 976 340 972 371 972 371 988 352 988 352 1028 387 1028 387 1014 409 1014 409 971 384 971 384 940 416 940 416 912 382 912 382 929 335 929 335 930 324 930 324 954 315 954 315 958 303 958 303 925 269 925 269 961 271 961 271 972 239 972;
50: 246 199 246 248 248 248 248 269 268 269 268 248 276 248 276 252 291 252 291 236 284 236 284 199 276 199 276 198 255 198 255 199 246 199;
51: 246 657 246 669 266 669 266 657 246 657;
52: 248 736 259 736 259 743 248 743 248 736;
53: 249 311 251 311 251 330 249 330 249 311;
54: 249 400 249 421 260 421 260 400 249 400;
55: 256 583 256 620 267 620 267 624 292 624 292 644 308 644 308 621 329 621 329 635 339 635 339 650 342 650 342 651 372 651 372 650 380 650 380 647 413 647 413 643 423 643 423 661 433 661 433 663 466 663 466 680 454 680 454 684 435 684 435 685 404 685 404 716 387 716 387 686 363 686 363 710 310 710 310 712 305 712 305 726 308 726 308 755 328 755 328 798 339 798 339 755 344 755 344 793 360 793 360 826 370 826 370 790 368 790 368 776 383 776 383 762 403 762 403 761 417 761 417 763 431 763 431 761 439 761 439 779 440 779 440 782 466 782 466 779 473 779 473 730 463 730 463 714 465 714 465 692 466 692 466 693 476 693 476 692 489 692 489 680 476 680 476 655 470 655 470 652 490 652 490 688 492 688 492 695 490 695 490 698 478 698 478 719 509 719 509 721 506 721 506 731 509 731 509 747 543 747 543 718 520 718 520 709 537 709 537 695 535 695 535 683 547 683 547 661 548 661 548 671 558 671 558 661 564 661 564 645 567 645 567 629 545 629 545 630 538 630 538 656 537 656 537 609 517 609 517 641 499 641 499 639 506 639 506 627 499 627 499 615 456 615 456 642 445 642 445 637 430 637 430 630 413 630 413 612 402 612 402 598 422 598 422 560 413 560 413 539 373 539 373 548 364 548 364 542 355 542 355 531 343 531 343 542 342 542 342 522 321 522 321 545 319 545 319 529 286 529 286 550 258 550 258 560 257 560 257 583 256 583;
56: 271 257 271 273 277 273 277 300 302 300 302 338 318 338 318 321 329 321 329 277 307 277 307 300 306 300 306 253 277 253 277 257 271 257;
57: 274 858 274 895 298 895 298 858 274 858;
58: 277 647 277 683 324 683 324 670 328 670 328 636 317 636 317 647 277 647;
59: 282 74 282 94 306 94 306 97 316 97 316 94 321 94 321 74 307 74 307 68 309 68 309 64 334 64 334 25 340 25 340 30 371 30 371 11 341 11 341 8 329 8 329 23 286 23 286 24 283 24 283 43 286 43 286 50 285 50 285 74 282 74;
60: 288 589 295 589 295 593 288 593 288 589;
61: 291 687 291 700 322 700 322 687 291 687;
62: 298 825 298 851 313 851 313 865 339 865 339 851 347 851 347 847 376 847 376 880 378 880 378 887 392 887 392 852 388 852 388 849 399 849 399 863 432 863 432 830 426 830 426 805 425 805 425 774 424 774 424 765 403 765 403 795 404 795 404 805 389 805 389 830 385 830 385 847 380 847 380 836 358 836 358 829 347 829 347 825 339 825 339 817 313 817 313 825 298 825;
63: 304 192 304 209 316 209 316 192 304 192;
64: 307 900 307 927 319 927 319 928 362 928 362 897 319 897 319 900 307 900;
65: 317 364 317 381 319 381 319 391 337 391 337 354 319 354 319 364 317 364;
66: 323 187 323 208 325 208 325 217 335 217 335 231 382 231 382 226 394 226 394 224 414 224 414 225 428 225 428 237 436 237 436 259 446 259 446 267 431 267 431 262 409 262 409 245 381 245 381 265 376 265 376 255 356 255 356 283 372 283 372 308 392 308 392 336 414 336 414 350 437 350 437 312 442 312 442 285 446 285 446 278 447 278 447 280 464 280 464 278 474 278 474 307 461 307 461 333 444 333 444 374 453 374 453 382 492 382 492 374 493 374 493 368 499 368 499 349 507 349 507 307 496 307 496 267 495 267 495 254 510 254 510 282 513 282 513 304 524 304 524 335 527 335 527 361 541 361 541 335 546 335 546 300 542 300 542 289 559 289 559 261 545 261 545 250 512 250 512 228 505 228 505 221 488 221 488 243 494 243 494 244 482 244 482 224 460 224 460 204 449 204 449 192 428 192 428 204 422 204 422 196 427 196 427 175 398 175 398 168 384 168 384 175 380 175 380 183 359 183 359 189 351 189 351 187 323 187;
67: 323 592 329 592 329 593 323 593 323 592;
68: 336 484 336 494 368 494 368 484 336 484;
69: 338 293 338 310 371 310 371 293 338 293;
70: 340 366 340 388 370 388 370 376 372 376 372 363 391 363 391 322 363 322 363 343 342 343 342 366 340 366;
71: 348 746 355 746 355 749 351 749 351 755 348 755 348 746;
72: 354 582 364 582 364 566 373 566 373 568 402 568 402 582 386 582 386 612 370 612 370 590 354 590 354 582;
73: 356 496 356 530 399 530 399 496 356 496;
74: 375 408 399 408 399 416 375 416 375 408;
75: 383 40 383 63 424 63 424 57 438 57 438 25 446 25 446 9 410 9 410 30 388 30 388 40 383 40;
76: 392 134 392 162 403 162 403 134 392 134;
77: 401 418 403 418 403 425 401 425 401 418;
78: 402 276 404 276 404 290 431 290 431 285 432 285 432 294 402 294 402 276;
79: 414 957 414 1003 426 1003 426 1027 452 1027 452 982 450 982 450 975 444 975 444 970 455 970 455 951 465 951 465 947 485 947 485 975 483 975 483 987 481 987 481 961 464 961 464 1002 471 1002 471 1015 505 1015 505 1012 523 1012 523 990 529 990 529 959 541 959 541 948 529 948 529 947 534 947 534 929 553 929 553 922 554 922 554 906 553 906 553 905 551 905 551 895 548 895 548 874 526 874 526 895 515 895 515 885 481 885 481 880 432 880 432 892 431 892 431 911 423 911 423 923 417 923 417 951 419 951 419 957 414 957;
80: 431 951 440 951 440 957 431 957 431 951;
81: 434 920 465 920 465 923 434 923 434 920;
82: 436 530 436 548 447 548 447 580 453 580 453 593 468 593 468 608 482 608 482 593 492 593 492 586 516 586 516 569 514 569 514 556 507 556 507 544 484 544 484 542 526 542 526 536 533 536 533 506 520 506 520 482 512 482 512 476 489 476 489 501 508 501 508 513 510 513 510 517 482 517 482 530 436 530;
83: 442 825 442 868 443 868 443 869 467 869 467 868 489 868 489 875 492 875 492 878 516 878 516 875 518 875 518 851 489 851 489 825 442 825;
84: 463 553 464 553 464 562 463 562 463 553;
85: 466 794 466 822 489 822 489 794 466 794;
86: 467 34 467 75 478 75 478 67 479 67 479 69 482 69 482 108 494 108 494 115 508 115 508 108 521 108 521 66 534 66 534 80 549 80 549 90 536 90 536 126 557 126 557 129 546 129 546 172 525 172 525 155 542 155 542 136 516 136 516 153 508 153 508 146 490 146 490 172 503 172 503 191 469 191 469 210 514 210 514 202 519 202 519 236 537 236 537 218 543 218 543 248 546 248 546 255 593 255 593 232 633 232 633 237 594 237 594 265 568 265 568 294 598 294 598 310 611 310 611 316 589 316 589 319 560 319 560 332 589 332 589 347 603 347 603 365 616 365 616 390 597 390 597 426 623 426 623 420 641 420 641 407 649 407 649 409 671 409 671 435 666 435 666 442 663 442 663 479 666 479 666 484 679 484 679 494 683 494 683 507 722 507 722 492 694 492 694 484 703 484 703 449 713 449 713 430 727 430 727 407 742 407 742 388 714 388 714 393 696 393 696 387 725 387 725 381 729 381 729 368 738 368 738 367 767 367 767 409 791 409 791 363 777 363 777 340 736 340 736 341 732 341 732 325 742 325 742 339 776 339 776 309 780 309 780 343 804 343 804 347 821 347 821 327 809 327 809 325 825 325 825 327 845 327 845 330 849 330 849 362 855 362 855 371 856 371 856 401 880 401 880 413 873 413 873 443 893 443 893 429 927 429 927 411 940 411 940 402 945 402 945 413 975 413 975 380 972 380 972 379 965 379 965 360 944 360 944 354 908 354 908 366 907 366 907 356 904 356 904 355 899 355 899 347 890 347 890 316 869 316 869 299 845 299 845 308 837 308 837 306 838 306 838 278 848 278 848 292 881 292 881 285 907 285 907 258 881 258 881 246 854 246 854 245 849 245 849 234 860 234 860 244 885 244 885 211 879 211 879 189 891 189 891 168 920 168 920 127 911 127 911 119 897 119 897 127 880 127 880 167 879 167 879 187 858 187 858 172 857 172 857 160 822 160 822 138 833 138 833 142 844 142 844 150 870 150 870 142 879 142 879 125 877 125 877 121 896 121 896 109 877 109 877 80 834 80 834 81 832 81 832 78 872 78 872 51 847 51 847 34 829 34 829 19 804 19 804 42 796 42 796 67 806 67 806 61 823 61 823 63 824 63 824 69 809 69 809 81 802 81 802 100 793 100 793 106 778 106 778 111 761 111 761 141 767 141 767 153 762 153 762 157 746 157 746 148 728 148 728 166 744 166 744 182 723 182 723 186 713 186 713 219 704 219 704 248 766 248 766 235 775 235 775 216 763 216 763 218 760 218 760 202 761 202 761 195 762 195 762 202 785 202 785 194 800 194 800 178 803 178 803 150 777 150 777 141 791 141 791 118 793 118 793 138 811 138 811 164 815 164 815 172 809 172 809 206 830 206 830 213 833 213 833 216 837 216 837 222 805 222 805 241 803 241 803 262 805 262 805 263 828 263 828 269 827 269 827 266 798 266 798 289 796 289 796 283 768 283 768 301 744 301 744 300 722 300 722 307 709 307 709 299 674 299 674 294 678 294 678 280 660 280 660 288 659 288 659 274 637 274 637 275 614 275 614 272 633 272 633 260 649 260 649 256 653 256 653 267 700 267 700 224 682 224 682 213 683 213 683 215 700 215 700 213 703 213 703 170 694 170 694 163 650 163 650 175 668 175 668 189 654 189 654 183 642 183 642 189 615 189 615 202 608 202 608 185 595 185 595 184 579 184 579 194 544 194 544 195 536 195 536 196 525 196 525 182 567 182 567 175 589 175 589 129 571 129 571 126 577 126 577 104 603 104 603 93 614 93 614 82 615 82 615 73 628 73 628 68 641 68 641 52 632 52 632 11 615 11 615 15 587 15 587 19 559 19 559 43 550 43 550 36 545 36 545 1 496 1 496 49 509 49 509 66 493 66 493 49 491 49 491 19 468 19 468 34 467 34;
87: 472 174 472 184 488 184 488 174 472 174;
88: 491 907 508 907 508 945 491 945 491 907;
89: 507 796 507 834 523 834 523 805 538 805 538 819 552 819 552 828 524 828 524 868 544 868 544 850 551 850 551 877 568 877 568 882 607 882 607 843 587 843 587 834 588 834 588 840 619 840 619 883 630 883 630 880 637 880 637 918 652 918 652 880 671 880 671 874 675 874 675 864 692 864 692 837 671 837 671 825 652 825 652 818 634 818 634 804 641 804 641 778 599 778 599 788 586 788 586 796 573 796 573 791 521 791 521 796 507 796;
90: 535 581 535 600 575 600 575 581 550 581 550 568 538 568 538 581 535 581;
91: 545 963 545 1002 581 1002 581 972 608 972 608 973 639 973 639 978 642 978 642 992 636 992 636 989 606 989 606 1012 634 1012 634 1032 659 1032 659 992 669 992 669 1030 683 1030 683 993 727 993 727 965 683 965 683 992 669 992 669 960 703 960 703 948 705 948 705 935 735 935 735 907 693 907 693 888 654 888 654 922 633 922 633 930 609 930 609 923 576 923 576 926 555 926 555 935 549 935 549 948 576 948 576 963 545 963;
92: 547 399 547 409 578 409 578 405 589 405 589 379 551 379 551 399 547 399;
93: 561 889 561 920 597 920 597 889 561 889;
94: 568 687 568 699 588 699 588 687 568 687;
95: 570 646 570 670 595 670 595 646 570 646;
96: 572 713 572 754 578 754 578 764 590 764 590 772 600 772 600 775 614 775 614 772 634 772 634 736 636 736 636 703 622 703 622 735 614 735 614 732 600 732 600 735 590 735 590 747 586 747 586 713 572 713;
97: 574 551 574 577 596 577 596 593 590 593 590 624 619 624 619 635 599 635 599 651 615 651 615 661 619 661 619 667 635 667 635 669 649 669 649 684 674 684 674 699 675 699 675 711 677 711 677 717 713 717 713 718 701 718 701 746 741 746 741 718 727 718 727 707 732 707 732 694 733 694 733 679 754 679 754 680 749 680 749 686 743 686 743 724 770 724 770 708 773 708 773 709 791 709 791 708 795 708 795 681 807 681 807 715 840 715 840 674 842 674 842 689 857 689 857 680 884 680 884 702 872 702 872 719 871 719 871 731 872 731 872 746 886 746 886 762 867 762 867 770 858 770 858 777 850 777 850 802 876 802 876 799 883 799 883 786 887 786 887 776 888 776 888 781 902 781 902 810 918 810 918 780 907 780 907 776 910 776 910 750 928 750 928 742 930 742 930 787 961 787 961 740 946 740 946 699 940 699 940 679 944 679 944 653 964 653 964 625 975 625 975 605 1001 605 1001 592 965 592 965 598 947 598 947 616 932 616 932 637 923 637 923 601 876 601 876 642 857 642 857 646 856 646 856 641 855 641 855 615 822 615 822 619 793 619 793 647 778 647 778 652 772 652 772 617 745 617 745 610 712 610 712 619 691 619 691 597 686 597 686 595 676 595 676 585 649 585 649 600 625 600 625 593 640 593 640 562 653 562 653 543 649 543 649 512 647 512 647 495 631 495 631 512 621 512 621 493 648 493 648 489 657 489 657 463 648 463 648 450 610 450 610 435 590 435 590 454 609 454 609 490 607 490 607 484 597 484 597 490 582 490 582 527 584 527 584 529 607 529 607 540 633 540 633 554 636 554 636 559 602 559 602 545 590 545 590 551 574 551;
98: 588 50 596 50 596 56 588 56 588 50;
99: 623 391 626 391 626 401 623 401 623 391;
100: 627 353 629 353 629 356 662 356 662 333 674 333 674 322 683 322 683 351 695 351 695 352 687 352 687 381 692 381 692 385 651 385 651 367 632 367 632 361 627 361 627 353;
101: 630 310 635 310 635 313 654 313 654 326 639 326 639 321 633 321 633 316 630 316 630 310;
102: 633 247 641 247 641 249 633 249 633 247;
103: 635 217 644 217 644 222 635 222 635 217;
104: 642 117 642 135 648 135 648 161 665 161 665 135 670 135 670 140 682 140 682 116 670 116 670 117 642 117;
105: 642 292 654 292 654 302 642 302 642 292;
106: 643 23 643 54 653 54 653 23 643 23;
107: 654 944 655 944 655 955 654 955 654 944;
108: 655 66 655 101 683 101 683 84 712 84 712 88 734 88 734 93 713 93 713 95 708 95 708 97 706 97 706 100 694 100 694 117 706 117 706 129 708 129 708 133 742 133 742 111 744 111 744 93 762 93 762 64 759 64 759 60 743 60 743 24 713 24 713 60 712 60 712 41 711 41 711 37 674 37 674 23 658 23 658 47 672 47 672 66 655 66;
109: 660 10 660 22 676 22 676 10 660 10;
110: 667 919 693 919 693 922 684 922 684 935 682 935 682 923 670 923 670 935 667 935 667 919;
111: 675 761 675 803 684 803 684 804 688 804 688 821 733 821 733 789 724 789 724 771 691 771 691 750 676 750 676 761 675 761;
112: 687 670 715 670 715 663 716 663 716 672 687 672 687 670;
113: 701 566 701 601 712 601 712 566 701 566;
114: 705 480 705 490 721 490 721 484 751 484 751 467 769 467 769 454 750 454 750 447 722 447 722 459 733 459 733 466 710 466 710 480 705 480;
115: 707 351 728 351 728 352 707 352 707 351;
116: 724 518 724 533 730 533 730 545 734 545 734 550 755 550 755 545 757 545 757 533 761 533 761 518 757 518 757 516 755 516 755 508 734 508 734 516 730 516 730 518 724 518;
117: 726 848 726 864 748 864 748 848 726 848;
118: 733 249 733 298 761 298 761 249 733 249;
119: 737 910 737 931 745 931 745 965 751 965 751 972 746 972 746 987 757 987 757 995 770 995 770 1004 807 1004 807 992 795 992 795 978 797 978 797 982 823 982 823 935 808 935 808 926 809 926 809 922 839 922 839 953 841 953 841 974 839 974 839 984 841 984 841 996 872 996 872 955 890 955 890 952 913 952 913 912 912 912 912 906 915 906 915 878 894 878 894 873 879 873 879 863 904 863 904 830 894 830 894 815 847 815 847 845 869 845 869 862 848 862 848 882 849 882 849 915 848 915 848 906 838 906 838 905 846 905 846 882 808 882 808 871 762 871 762 874 743 874 743 899 758 899 758 901 747 901 747 910 737 910;
120: 745 751 745 761 756 761 756 779 761 779 761 806 808 806 808 804 833 804 833 789 841 789 841 775 844 775 844 734 843 734 843 729 810 729 810 734 804 734 804 732 756 732 756 751 745 751;
121: 751 1 751 48 760 48 760 58 771 58 771 81 791 81 791 48 794 48 794 1 751 1;
122: 756 817 756 853 777 853 777 854 797 854 797 838 839 838 839 827 802 827 802 815 797 815 797 812 777 812 777 815 760 815 760 817 756 817;
123: 773 899 788 899 788 884 808 884 808 903 786 903 786 942 782 942 782 909 773 909 773 899;
124: 774 458 774 480 798 480 798 459 799 459 799 475 810 475 810 464 847 464 847 418 810 418 810 426 787 426 787 458 774 458;
125: 780 584 780 616 791 616 791 584 780 584;
126: 787 549 787 581 828 581 828 549 787 549;
127: 789 713 789 730 799 730 799 713 789 713;
128: 792 350 792 370 802 370 802 350 792 350;
129: 801 775 807 775 807 776 801 776 801 775;
130: 808 905 809 905 809 906 808 906 808 905;
131: 821 468 821 478 848 478 848 468 821 468;
132: 838 509 838 520 856 520 856 541 839 541 839 557 876 557 876 550 877 550 877 558 880 558 880 559 902 559 902 558 905 558 905 570 944 570 944 565 949 565 949 529 936 529 936 547 934 547 934 539 925 539 925 509 838 509;
133: 843 597 843 611 859 611 859 597 843 597;
134: 848 717 848 731 870 731 870 717 848 717;
135: 871 918 875 918 875 916 897 916 897 918 878 918 878 938 871 938 871 918;
136: 875 888 882 888 882 898 875 898 875 888;
137: 880 476 880 499 911 499 911 496 914 496 914 499 928 499 928 500 955 500 955 484 956 484 956 509 969 509 969 484 971 484 971 451 946 451 946 474 943 474 943 483 935 483 935 475 927 475 927 454 888 454 888 476 880 476;
138: 882 290 882 311 913 311 913 318 919 318 919 328 939 328 939 300 919 300 919 303 913 303 913 290 882 290;
139: 894 975 894 1012 933 1012 933 992 959 992 959 959 916 959 916 975 894 975;
140: 895 1 895 37 908 37 908 48 914 48 914 60 933 60 933 48 942 48 942 37 962 37 962 57 985 57 985 58 986 58 986 71 974 71 974 93 968 93 968 78 946 78 946 64 934 64 934 86 939 86 939 111 941 111 941 134 976 134 976 112 996 112 996 114 1035 114 1035 75 1030 75 1030 49 1020 49 1020 32 962 32 962 16 948 16 948 15 942 15 942 1 895 1;
141: 895 184 895 209 908 209 908 210 900 210 900 235 911 235 911 256 945 256 945 276 929 276 929 299 957 299 957 322 947 322 947 343 973 343 973 353 995 353 995 343 996 343 996 363 993 363 993 407 1024 407 1024 371 1043 371 1043 328 1023 328 1023 324 1000 324 1000 322 1031 322 1031 276 1015 276 1015 258 1010 258 1010 253 1031 253 1031 230 997 230 997 240 995 240 995 225 985 225 985 210 976 210 976 205 1011 205 1011 174 986 174 986 168 967 168 967 174 965 174 965 205 966 205 966 210 950 210 950 207 938 207 938 198 952 198 952 181 938 181 938 171 908 171 908 181 905 181 905 184 895 184;
142: 901 702 903 702 903 703 901 703 901 702;
143: 906 647 912 647 912 654 906 654 906 647;
144: 907 813 907 827 917 827 917 859 961 859 961 849 982 849 982 829 1003 829 1003 800 1019 800 1019 791 1029 791 1029 751 1003 751 1003 750 1032 750 1032 730 1021 730 1021 701 997 701 997 715 977 715 977 756 994 756 994 763 970 763 970 767 969 767 969 779 970 779 970 799 949 799 949 805 943 805 943 809 941 809 941 827 928 827 928 813 907 813;
145: 929 415 929 429 996 429 996 414 972 414 972 415 929 415;
146: 942 888 942 926 962 926 962 946 972 946 972 926 973 926 973 888 964 888 964 864 945 864 945 888 942 888;
147: 945 662 945 678 953 678 953 686 1001 686 1001 656 953 656 953 662 945 662;
148: 950 687 950 709 988 709 988 687 950 687;
149: 960 515 960 543 984 543 984 515 960 515;
150: 962 961 962 973 963 973 963 1007 976 1007 976 1024 990 1024 990 1007 996 1007 996 1001 1013 1001 1013 986 996 986 996 967 1004 967 1004 937 983 937 983 961 962 961;
151: 969 241 985 241 985 246 969 246 969 241;
152: 974 282 975 282 975 290 974 290 974 282;
153: 974 901 974 930 992 930 992 910 1007 910 1007 892 976 892 976 901 974 901;
154: 989 608 989 618 1018 618 1018 608 989 608;
155: 993 864 993 889 1032 889 1032 864 993 864;
