0: 0 66 0 136 11 136 11 121 35 121 35 140 80 140 80 134 94 134 94 118 80 118 80 97 41 97 41 95 46 95 46 93 60 93 60 75 45 75 45 71 53 71 53 67 62 67 62 94 79 94 79 61 78 61 78 53 105 53 105 30 140 30 140 16 103 16 103 22 74 22 74 36 53 36 53 34 19 34 19 46 12 46 12 64 19 64 19 66 0 66;
1: 0 170 0 205 30 205 30 170 0 170;
2: 0 283 0 403 13 403 13 409 27 409 27 403 42 403 42 394 61 394 61 377 42 377 42 367 73 367 73 333 101 333 101 315 54 315 54 320 47 320 47 311 61 311 61 307 91 307 91 306 102 306 102 298 111 298 111 256 106 256 106 251 127 251 127 244 136 244 136 272 112 272 112 297 157 297 157 313 159 313 159 336 146 336 146 358 152 358 152 361 186 361 186 380 190 380 190 404 194 404 194 426 205 426 205 437 252 437 252 435 258 435 258 425 274 425 274 399 248 399 248 407 243 407 243 380 259 380 259 396 290 396 290 391 306 391 306 377 338 377 338 373 357 373 357 367 359 367 359 395 363 395 363 397 386 397 386 436 416 436 416 393 387 393 387 384 385 384 385 364 361 364 361 320 325 320 325 349 324 349 324 340 320 340 320 318 309 318 309 313 285 313 285 325 288 325 288 342 283 342 283 326 273 326 273 315 248 315 248 300 246 300 246 279 233 279 233 269 190 269 190 284 189 284 189 279 179 279 179 245 164 245 164 279 158 279 158 276 160 276 160 242 147 242 147 234 127 234 127 227 91 227 91 233 86 233 86 251 80 251 80 257 78 257 78 258 46 258 46 271 61 271 61 279 43 279 43 300 12 300 12 284 11 284 11 283 0 283;
3: 0 410 0 427 13 427 13 456 45 456 45 421 18 421 18 410 0 410;
4: 0 460 0 477 23 477 23 460 0 460;
5: 0 482 0 509 27 509 27 482 0 482;
6: 28 461 28 496 40 496 40 461 28 461;
7: 30 240 30 250 46 250 46 240 30 240;
8: 31 155 31 177 41 177 41 197 66 197 66 223 47 223 47 235 75 235 75 227 90 227 90 164 111 164 111 144 116 144 116 141 119 141 119 120 102 120 102 136 90 136 90 153 85 153 85 149 48 149 48 153 41 153 41 155 31 155;
9: 31 346 32 346 32 359 31 359 31 346;
10: 44 459 44 506 65 506 65 502 89 502 89 498 95 498 95 515 115 515 115 498 124 498 124 481 128 481 128 508 165 508 165 503 179 503 179 481 200 481 200 464 204 464 204 441 200 441 200 436 174 436 174 441 166 441 166 453 158 453 158 448 145 448 145 453 142 453 142 408 116 408 116 453 106 453 106 464 102 464 102 479 89 479 89 453 79 453 79 445 105 445 105 418 61 418 61 440 47 440 47 441 46 441 46 459 44 459;
11: 80 364 80 383 81 383 81 404 125 404 125 367 123 367 123 365 140 365 140 357 144 357 144 353 145 353 145 321 144 321 144 312 126 312 126 316 112 316 112 364 80 364;
12: 91 175 91 195 101 195 101 175 91 175;
13: 95 60 95 87 107 87 107 91 129 91 129 101 141 101 141 130 170 130 170 128 194 128 194 85 163 85 163 64 185 64 185 15 174 15 174 5 143 5 143 15 141 15 141 37 117 37 117 57 129 57 129 59 107 59 107 60 95 60;
14: 124 200 124 221 135 221 135 200 124 200;
15: 148 158 148 204 175 204 175 207 161 207 161 224 202 224 202 210 212 210 212 198 189 198 189 197 190 197 190 183 197 183 197 163 189 163 189 158 148 158;
16: 158 469 173 469 173 464 174 464 174 474 159 474 159 496 158 496 158 469;
17: 171 130 171 149 193 149 193 130 171 130;
18: 189 333 191 333 191 336 189 336 189 333;
19: 195 109 195 138 213 138 213 151 249 151 249 133 244 133 244 109 237 109 237 108 225 108 225 109 195 109;
20: 196 32 196 61 203 61 203 82 231 82 231 69 241 69 241 75 238 75 238 103 253 103 253 117 275 117 275 127 294 127 294 112 323 112 323 114 328 114 328 126 360 126 360 140 397 140 397 156 428 156 428 174 447 174 447 146 446 146 446 122 406 122 406 108 373 108 373 97 351 97 351 93 323 93 323 101 292 101 292 112 283 112 283 93 287 93 287 88 323 88 323 76 324 76 324 79 370 79 370 62 334 62 334 39 359 39 359 24 340 24 340 0 308 0 308 36 334 36 334 37 299 37 299 20 291 20 291 9 266 9 266 20 260 20 260 11 247 11 247 7 234 7 234 19 247 19 247 44 246 44 246 31 225 31 225 61 224 61 224 2 200 2 200 32 196 32;
21: 208 357 239 357 239 377 238 377 238 358 208 358 208 357;
22: 209 404 219 404 219 407 209 407 209 404;
23: 231 487 231 515 267 515 267 521 284 521 284 504 296 504 296 498 308 498 308 449 307 449 307 436 276 436 276 451 282 451 282 479 247 479 247 487 231 487;
24: 232 180 232 221 249 221 249 223 265 223 265 221 272 221 272 180 232 180;
25: 244 228 244 261 257 261 257 228 244 228;
26: 250 273 250 307 266 307 266 273 250 273;
27: 260 43 266 43 266 44 260 44 260 43;
28: 274 131 274 158 284 158 284 131 274 131;
29: 284 188 284 213 314 213 314 189 328 189 328 186 358 186 358 145 327 145 327 127 307 127 307 147 285 147 285 188 284 188;
30: 291 43 295 43 295 46 291 46 291 43;
31: 297 261 297 291 318 291 318 261 297 261;
32: 309 430 309 447 321 447 321 457 340 457 340 454 347 454 347 427 362 427 362 402 347 402 347 414 327 414 327 430 326 430 326 398 310 398 310 430 309 430;
33: 319 265 319 286 331 286 331 283 335 283 335 302 339 302 339 303 341 303 341 309 377 309 377 303 387 303 387 282 417 282 417 286 447 286 447 270 427 270 427 266 424 266 424 257 448 257 448 290 410 290 410 309 432 309 432 344 475 344 475 339 480 339 480 317 483 317 483 350 493 350 493 353 513 353 513 352 519 352 519 331 513 331 513 304 493 304 493 309 489 309 489 301 492 301 492 284 489 284 489 275 467 275 467 278 464 278 464 257 466 257 466 233 427 233 427 217 423 217 423 173 388 173 388 212 386 212 386 235 398 235 398 220 407 220 407 236 423 236 423 245 402 245 402 238 371 238 371 248 368 248 368 241 358 241 358 248 332 248 332 265 319 265;
34: 341 189 341 212 385 212 385 167 376 167 376 160 362 160 362 189 341 189;
35: 348 481 348 520 352 520 352 534 387 534 387 517 422 517 422 516 425 516 425 523 458 523 458 510 484 510 484 504 489 504 489 498 495 498 495 468 489 468 489 462 534 462 534 442 502 442 502 429 484 429 484 443 486 443 486 462 484 462 484 461 455 461 455 454 460 454 460 444 473 444 473 425 489 425 489 397 466 397 466 404 432 404 432 444 440 444 440 458 430 458 430 455 409 455 409 452 383 452 383 453 377 453 377 469 383 469 383 472 378 472 378 481 348 481;
36: 374 318 374 342 396 342 396 318 374 318;
37: 376 52 376 78 415 78 415 52 376 52;
38: 388 8 388 38 413 38 413 29 424 29 424 8 388 8;
39: 403 335 403 378 424 378 424 384 464 384 464 371 478 371 478 357 464 357 464 354 439 354 439 351 431 351 431 335 403 335;
40: 432 200 432 219 476 219 476 210 485 210 485 162 459 162 459 200 432 200;
41: 445 59 445 105 465 105 465 100 482 100 482 76 490 76 490 99 508 99 508 96 521 96 521 91 537 91 537 78 521 78 521 68 509 68 509 58 477 58 477 61 465 61 465 59 445 59;
42: 447 0 447 48 453 48 453 49 483 49 483 48 496 48 496 42 516 42 516 26 496 26 496 0 447 0;
43: 450 290 461 290 461 307 450 307 450 290;
44: 456 112 456 155 503 155 503 152 523 152 523 124 503 124 503 112 456 112;
45: 485 356 485 393 517 393 517 372 523 372 523 360 517 360 517 356 485 356;
46: 490 195 490 231 516 231 516 195 490 195;
